summary for n[31] k[6]  used symbols   : 31/31 number of cards: 31 check: 1
card nr.  1:   1   2   3   4   5   6 | 
card nr.  2:   1   7   8   9  10  11 | 
card nr.  3:   1  12  13  14  15  16 | 
card nr.  4:   1  17  18  19  20  21 | 
card nr.  5:   1  22  23  24  25  26 | 
card nr.  6:   1  27  28  29  30  31 | 
card nr.  7:   2   7  12  17  22  27 |    0   0   0   0   0
card nr.  8:   2   8  13  18  23  28 |    1   1   1   1   1
card nr.  9:   2   9  14  19  24  29 |    2   2   2   2   2
card nr. 10:   2  10  15  20  25  30 |    3   3   3   3   3
card nr. 11:   2  11  16  21  26  31 |    4   4   4   4   4
card nr. 12:   3   7  13  19  25  31 |    0   1   2   3   4
card nr. 13:   3   8  14  20  26  27 |    1   2   3   4   0
card nr. 14:   3   9  15  21  22  28 |    2   3   4   0   1
card nr. 15:   3  10  16  17  23  29 |    3   4   0   1   2
card nr. 16:   3  11  12  18  24  30 |    4   0   1   2   3
card nr. 17:   4   7  14  21  23  30 |    0   2   4   1   3
card nr. 18:   4   8  15  17  24  31 |    1   3   0   2   4
card nr. 19:   4   9  16  18  25  27 |    2   4   1   3   0
card nr. 20:   4  10  12  19  26  28 |    3   0   2   4   1
card nr. 21:   4  11  13  20  22  29 |    4   1   3   0   2
card nr. 22:   5   7  15  18  26  29 |    0   3   1   4   2
card nr. 23:   5   8  16  19  22  30 |    1   4   2   0   3
card nr. 24:   5   9  12  20  23  31 |    2   0   3   1   4
card nr. 25:   5  10  13  21  24  27 |    3   1   4   2   0
card nr. 26:   5  11  14  17  25  28 |    4   2   0   3   1
card nr. 27:   6   7  16  20  24  28 |    0   4   3   2   1
card nr. 28:   6   8  12  21  25  29 |    1   0   4   3   2
card nr. 29:   6   9  13  17  26  30 |    2   1   0   4   3
card nr. 30:   6  10  14  18  22  31 |    3   2   1   0   4
card nr. 31:   6  11  15  19  23  27 |    4   3   2   1   0
