summary for n[57] k[8]  used symbols   : 57/57 number of cards: 27 check: 1
card nr.  1:   1   2   3   4   5   6   7   8 | 
card nr.  2:   1   9  10  11  12  13  14  15 | 
card nr.  3:   1  16  17  18  19  20  21  22 | 
card nr.  4:   1  23  24  25  26  27  28  29 | 
card nr.  5:   1  30  31  32  33  34  35  36 | 
card nr.  6:   1  37  38  39  40  41  42  43 | 
card nr.  7:   1  44  45  46  47  48  49  50 | 
card nr.  8:   1  51  52  53  54  55  56  57 | 
card nr.  9:   2   9  16  23  30  37  44  51 |    0   0   0   0   0   0   0
card nr. 10:   2  10  17  24  31  38  45  52 |    1   1   1   1   1   1   1
card nr. 11:   2  11  18  25  32  39  46  53 |    2   2   2   2   2   2   2
card nr. 12:   2  12  19  26  33  40  47  54 |    3   3   3   3   3   3   3
card nr. 13:   2  13  20  27  34  41  48  55 |    4   4   4   4   4   4   4
card nr. 14:   2  14  21  28  35  42  49  56 |    5   5   5   5   5   5   5
card nr. 15:   2  15  22  29  36  43  50  57 |    6   6   6   6   6   6   6
card nr. 16:   3   9  17  25  33  41  49  57 |    0   1   2   3   4   5   6
card nr. 17:   3  10  16  26  32  42  50  55 |    1   0   3   2   5   6   4
card nr. 18:   3  11  19  23  31  43  48  56 |    2   3   0   1   6   4   5
card nr. 19:   3  12  20  28  36  37  45  53 |    3   4   5   6   0   1   2
card nr. 20:   3  13  18  29  35  38  44  54 |    4   2   6   5   1   0   3
card nr. 21:   3  14  22  24  34  40  46  51 |    5   6   1   4   3   2   0
card nr. 22:   3  15  21  27  30  39  47  52 |    6   5   4   0   2   3   1
card nr. 23:   4   9  20  26  35  43  46  52 |    0   4   3   5   6   2   1
card nr. 24:   4  10  18  28  30  40  48  57 |    1   2   5   0   3   4   6
card nr. 25:   4  14  16  29  31  41  47  53 |    5   0   6   1   4   3   2
card nr. 26:   5  10  21  23  36  41  46  54 |    1   5   0   6   4   2   3
card nr. 27:   5  13  17  28  32  43  47  51 |    4   1   5   2   6   3   0
