summary for n[43] k[7]  used symbols   : 43/43 number of cards: 22 check: 1
card nr.  1:   1   2   3   4   5   6   7 | 
card nr.  2:   1   8   9  10  11  12  13 | 
card nr.  3:   1  14  15  16  17  18  19 | 
card nr.  4:   1  20  21  22  23  24  25 | 
card nr.  5:   1  26  27  28  29  30  31 | 
card nr.  6:   1  32  33  34  35  36  37 | 
card nr.  7:   1  38  39  40  41  42  43 | 
card nr.  8:   2   8  14  20  26  32  38 |    0   0   0   0   0   0
card nr.  9:   2   9  15  21  27  33  39 |    1   1   1   1   1   1
card nr. 10:   2  10  16  22  28  34  40 |    2   2   2   2   2   2
card nr. 11:   2  11  17  23  29  35  41 |    3   3   3   3   3   3
card nr. 12:   2  12  18  24  30  36  42 |    4   4   4   4   4   4
card nr. 13:   2  13  19  25  31  37  43 |    5   5   5   5   5   5
card nr. 14:   3   8  15  22  29  37  42 |    0   1   2   3   5   4
card nr. 15:   3   9  14  23  31  36  40 |    1   0   3   5   4   2
card nr. 16:   3  10  17  25  30  32  39 |    2   3   5   4   0   1
card nr. 17:   3  11  19  24  27  34  38 |    3   5   4   1   2   0
card nr. 18:   4   8  16  24  31  35  39 |    0   2   4   5   3   1
card nr. 19:   4  11  14  25  28  33  42 |    3   0   5   2   1   4
card nr. 20:   4  12  19  21  29  32  40 |    4   5   1   3   0   2
card nr. 21:   5  12  17  22  31  33  38 |    4   3   2   5   1   0
card nr. 22:   5  13  16  23  27  32  42 |    5   2   3   1   0   4
