summary for n[31] k[6]  used symbols   : 31/31 number of cards: 19 check: 1
card nr.  1:   1   2   3   4   5   6 | 
card nr.  2:   1   7   8   9  10  11 | 
card nr.  3:   1  12  13  14  15  16 | 
card nr.  4:   1  17  18  19  20  21 | 
card nr.  5:   1  22  23  24  25  26 | 
card nr.  6:   1  27  28  29  30  31 | 
card nr.  7:   2   7  12  17  22  27 |    0   0   0   0   0
card nr.  8:   2   8  13  18  23  28 |    1   1   1   1   1
card nr.  9:   2   9  14  19  24  29 |    2   2   2   2   2
card nr. 10:   2  10  15  20  25  30 |    3   3   3   3   3
card nr. 11:   2  11  16  21  26  31 |    4   4   4   4   4
card nr. 12:   3   7  13  19  25  31 |    0   1   2   3   4
card nr. 13:   3   8  12  20  26  29 |    1   0   3   4   2
card nr. 14:   3   9  15  21  22  28 |    2   3   4   0   1
card nr. 15:   3  10  16  18  24  27 |    3   4   1   2   0
card nr. 16:   3  11  14  17  23  30 |    4   2   0   1   3
card nr. 17:   4   8  14  21  25  27 |    1   2   4   3   0
card nr. 18:   5   8  15  17  24  31 |    1   3   0   2   4
card nr. 19:   6   8  16  19  22  30 |    1   4   2   0   3
