summary for n[43] k[7]  used symbols   : 43/43 number of cards: 25 check: 1
card nr.  1:   1   2   3   4   5   6   7 | 
card nr.  2:   1   8   9  10  11  12  13 | 
card nr.  3:   1  14  15  16  17  18  19 | 
card nr.  4:   1  20  21  22  23  24  25 | 
card nr.  5:   1  26  27  28  29  30  31 | 
card nr.  6:   1  32  33  34  35  36  37 | 
card nr.  7:   1  38  39  40  41  42  43 | 
------------------------------------------------------------
card nr.  8:   2   8  14  20  26  32  38 |    0   0   0   0   0   0
card nr.  9:   2   9  15  21  27  33  39 |    1   1   1   1   1   1
card nr. 10:   2  10  16  22  28  34  40 |    2   2   2   2   2   2
card nr. 11:   2  11  17  23  29  35  41 |    3   3   3   3   3   3
card nr. 12:   2  12  18  24  30  36  42 |    4   4   4   4   4   4
card nr. 13:   2  13  19  25  31  37  43 |    5   5   5   5   5   5
------------------------------------------------------------
card nr. 14:   3   8  15  22  29  36  43 |    0   1   2   3   4   5
card nr. 15:   3   9  14  23  28  37  42 |    1   0   3   2   5   4
card nr. 16:   3  10  17  24  31  32  39 |    2   3   4   5   0   1
card nr. 17:   3  11  16  25  30  33  38 |    3   2   5   4   1   0
card nr. 18:   3  12  19  20  27  35  40 |    4   5   0   1   3   2
card nr. 19:   3  13  18  21  26  34  41 |    5   4   1   0   2   3
------------------------------------------------------------
card nr. 20:   4   8  16  21  31  35  42 |    0   2   1   5   3   4
card nr. 21:   4  10  15  20  30  37  41 |    2   1   0   4   5   3
card nr. 22:   4  11  14  24  27  34  43 |    3   0   4   1   2   5
------------------------------------------------------------
card nr. 23:   5   8  19  23  30  34  39 |    0   5   3   4   2   1
card nr. 24:   5  12  14  22  31  33  41 |    4   0   2   5   1   3
card nr. 25:   5  13  15  24  28  35  38 |    5   1   4   2   3   0
